136 353 66
421 375 12
726 506 68
303 641 41
149 129 28
221 572 42
682 277 57
673 282 23
45 606 29
78 17 26
418 48 76
252 58 32
643 304 76
493 152 56
175 52 4
146 457 66
59 464 16
721 129 34
103 538 72
436 707 0
169 232 -5
674 588 5
58 281 77
418 63 28
157 245 18
483 407 68
270 485 45
342 638 39
692 458 44
0 181 75
690 716 68
385 704 82
218 8 48
177 598 75
416 256 22
462 312 -1
139 505 74
641 241 22
155 608 19
220 664 51
686 450 51
560 214 0
201 289 51
360 663 65
711 426 6
96 115 74
645 682 20
529 190 70
464 68 14
29 443 73
404 533 27
684 332 62
303 482 52
499 586 57
340 374 69
497 47 0
268 19 69
300 278 73
382 25 46
670 26 6
596 563 -3
571 391 78
431 633 84
59 455 36
354 546 16
705 720 -4
151 444 8
399 293 54
617 627 69
30 480 60
238 562 84
507 503 0
638 215 84
106 494 15
131 111 32
629 364 59
627 474 66
390 130 -2
724 546 58
137 214 45
77 716 31
370 498 77
557 293 38
84 695 73
339 437 -4
107 65 51
551 376 62
350 101 64
353 183 39
434 201 74
560 362 51
635 122 65
29 446 16
578 557 29
461 357 31
15 4 52
725 612 70
204 9 50
375 421 66
415 456 70
265 184 39
102 309 19
302 289 45
498 169 -1
51 481 34
413 372 0
40 597 58
358 354 33
360 393 18
370 78 73
294 605 64
144 351 77
131 549 79
312 528 43
642 113 23
465 318 81
175 593 34
217 400 0
437 529 61
154 293 28
316 203 19
648 472 47
287 525 15
150 468 40
325 214 84
39 360 9
681 624 74
571 650 14
569 361 83
415 646 32
146 150 43
172 174 16
432 111 8
706 522 -5
391 461 3
53 117 11
163 203 12
540 714 43
11 573 2
304 42 45
86 596 53
259 573 21
595 352 8
553 686 72
357 501 73
609 95 35
652 176 49
206 576 59
547 225 55
29 486 49
22 667 65
371 535 -2
388 132 0
108 179 -4
548 259 47
212 632 59
49 122 53
531 333 23
163 77 59
359 212 3
439 241 8
262 575 69
395 424 20
536 82 43
379 501 75
565 292 81
445 66 23
98 496 81
540 199 40
667 726 14
295 483 76
194 151 1
2 318 62
168 292 56
629 676 26
449 504 9
482 723 9
441 427 38
162 602 14
211 465 1
76 56 75
104 489 82
27 682 3
81 42 21
67 622 66
698 325 72
438 289 50
367 369 7
199 78 44
43 476 80
420 686 15
542 184 -1
171 358 59
403 657 31
416 441 24
623 13 49
518 278 25
348 176 47
488 222 63
101 67 66
642 307 53
427 707 1
143 542 54
678 41 62
100 55 52
678 126 12
673 508 -1
80 670 66
233 104 66
713 685 3
334 46 -1
612 157 78
491 384 26
591 61 31
588 452 60
472 578 22
619 0 34
275 196 -5
338 50 28
149 444 8
575 619 21
404 142 33
668 162 45
652 333 1
593 520 69
148 609 42
338 658 9
204 650 54
492 258 -3
471 696 23
254 224 36
159 127 21
224 89 9
680 427 8
720 492 69
636 477 23
240 512 8
247 445 22
297 62 47
312 530 21
507 233 13
431 673 5
301 212 47
3 429 22
161 708 12
479 139 67
158 485 -4
133 356 33
337 418 10
237 170 26
351 554 2
15 699 42
331 351 57
287 261 68
338 36 77
434 705 47
554 287 47
597 53 64
516 413 25
282 117 7
712 193 36
403 499 9
507 519 40
535 590 8
547 149 18
230 456 46
387 123 11
173 499 84
608 192 51
282 505 29
623 95 57
182 387 56
358 318 60
305 165 -2
553 255 75
150 259 13
256 109 18
56 302 17
7 145 51
423 117 68
192 102 39
72 44 82
630 261 8
302 717 80
103 407 18
221 529 34
167 255 78
518 663 80
657 598 45
647 562 53
81 177 58
360 652 25
268 717 61
632 680 35
294 188 11
112 36 68
139 130 39
123 510 14
504 248 74
550 269 49
610 595 31
400 475 22
400 579 60
489 123 46
479 690 2
330 456 20
135 537 40
365 697 18
477 85 62
119 391 74
528 343 49
85 652 30
66 77 8
123 182 74
98 218 30
387 658 49
291 538 55
407 207 20
451 199 26
225 386 19
376 700 52
705 51 60
326 89 22
436 477 28
198 580 2
626 552 7
587 443 25
301 155 62
161 251 82
619 180 -1
368 616 36
29 527 18
404 565 49
620 167 12
268 231 16
649 361 54
475 284 32
559 528 31
547 285 23
643 236 8
434 133 0
263 539 50
431 476 29
167 31 2
22 593 34
677 205 68
611 340 9
297 312 -2
626 104 82
644 347 8
713 687 55
638 284 64
176 416 -4
464 63 6
552 652 77
318 579 32
143 105 3
251 416 3
638 361 -4
438 389 18
423 609 -4
612 501 61
89 652 -5
361 259 46
678 560 36
630 414 71
565 514 9
419 424 33
320 647 1
331 697 28
312 475 60
715 59 19
416 17 9
554 446 15
314 724 77
486 53 38
533 101 76
617 375 40
571 288 84
591 10 30
677 41 62
437 69 -4
107 295 31
113 14 10
84 177 39
293 525 84
181 583 33
534 262 20
273 534 3
430 25 3
243 532 69
126 485 32
488 379 28
469 233 0
664 141 59
188 375 15
685 610 52
445 84 -4
60 67 83
362 374 26
98 293 2
458 607 31
409 479 14
226 472 -5
587 344 26
657 107 35
478 593 22
353 379 15
139 652 38
302 174 32
617 48 79
180 587 67
73 53 71
459 286 39
477 641 50
38 157 44
463 261 6
724 691 28
143 418 12
541 684 69
55 494 30
370 382 53
356 32 52
504 203 31
100 77 9
502 346 20
261 72 19
219 105 60
282 54 16
518 601 25
67 537 22
579 582 39
373 495 49
278 436 28
406 614 77
126 642 59
442 567 15
672 504 73
383 296 4
41 176 64
558 495 39
106 455 3
90 696 29
79 358 -3
432 34 36
137 711 81
455 408 62
680 686 22
510 712 10
43 312 13
67 403 81
520 590 52
360 185 77
300 372 42
214 213 61
170 78 82
67 717 78
419 117 83
47 266 57
207 604 42
42 70 44
241 76 20
253 633 21
665 588 6
473 183 11
676 382 15
649 251 16
368 314 28
698 251 72
371 146 75
537 102 26
701 75 49
229 567 40
495 485 71
602 178 -4
307 402 9
476 104 16
253 658 4
708 483 59
200 202 15
409 38 38
165 616 13
472 341 68
381 690 26
477 37 57
155 56 75
287 295 54
24 225 83
33 314 49
641 301 17
658 250 49
548 578 68
410 489 47
102 449 6
719 429 27
409 204 12
710 244 65
328 518 53
261 506 69
167 432 -3
674 649 48
544 531 77
605 258 16
66 143 58
692 264 68
347 361 56
241 334 84
146 699 60
263 576 19
306 428 -3
112 350 36
704 309 53
642 195 21
178 634 6
392 587 3
610 703 31
337 703 43
305 441 2
54 96 43
392 658 1
667 301 25
146 185 22
589 644 49
27 697 68
363 681 25
258 384 3
608 239 36
478 18 44
273 98 70
155 177 9
558 17 -3
661 219 41
293 398 13
343 29 0
648 337 46
398 526 34
285 210 58
198 632 75
134 527 71
31 385 24
492 528 60
345 657 76
233 201 59
77 578 83
599 69 -5
606 727 31
588 288 68
189 86 81
620 149 12
721 683 9
192 403 54
516 239 65
706 530 72
114 348 -1
646 282 83
77 606 32
207 91 33
462 299 27
265 243 63
347 10 84
141 284 -3
327 22 19
179 701 23
678 134 46
119 364 68
591 37 37
501 695 31
651 114 45
446 181 -5
454 490 16
74 554 23
280 450 36
424 689 31
632 86 69
228 280 20
76 708 16
584 579 58
610 403 36
413 447 1
19 223 25
389 104 11
276 230 19
389 375 69
372 685 42
25 8 0
288 630 27
298 583 11
627 487 52
238 0 62
213 138 82
538 680 80
449 283 11
90 604 39
337 11 23
648 576 41
351 299 60
10 293 -4
437 205 -4
432 174 11
624 682 77
29 563 82
192 419 44
700 506 72
362 163 39
657 556 37
557 631 57
413 86 37
461 478 56
541 298 35
57 614 43
32 358 37
82 51 44
150 371 7
469 321 16
145 29 10
274 299 42
104 427 26
500 14 8
630 377 25
687 230 12
660 308 60
102 180 45
519 342 73
600 297 48
195 626 51
465 595 43
79 97 80
348 651 56
355 83 60
82 407 37
558 621 67
269 632 32
370 708 9
654 164 49
481 213 74
319 67 41
239 470 34
492 165 18
187 664 -4
452 520 6
709 559 6
254 148 66
499 330 3
348 543 40
322 288 -2
318 155 62
119 129 18
689 424 1
603 407 49
486 385 70
552 427 46
565 224 68
98 416 72
318 233 3
569 304 82
155 399 37
93 534 20
202 172 76
280 194 14
488 173 45
142 590 1
131 46 57
697 220 23
567 566 33
221 728 33
184 71 65
338 565 42
692 402 57
395 384 1
515 504 23
36 125 75
264 131 25
201 280 54
373 436 28
39 382 1
523 112 78
541 3 37
515 140 42
674 688 73
123 188 2
93 635 64
114 664 82
630 399 62
342 566 70
150 22 28
101 508 80
27 123 -3
150 329 19
449 241 61
590 549 40
264 11 38
400 502 61
388 598 64
129 386 6
333 122 28
468 474 50
13 430 6
97 436 55
513 699 12
481 423 82
727 363 57
339 111 20
372 202 48
227 150 9
465 520 38
370 127 84
677 202 24
119 631 55
396 693 23
150 176 -4
601 280 25
153 486 34
248 150 42
650 373 76
52 286 62
53 432 60
28 327 39
402 638 68
190 103 0
319 565 -5
70 344 46
424 640 5
623 437 84
356 717 23
634 687 78
711 0 26
334 41 78
640 511 8
509 268 -2
228 120 47
568 153 33
645 617 4
169 702 73
40 625 47
465 610 63
243 116 0
510 687 23
218 550 44
77 571 76
61 29 -1
39 43 49
24 421 54
431 483 28
469 728 -4
155 55 51
574 442 84
358 555 -2
194 160 74
428 682 17
423 584 75
601 677 42
621 365 51
209 557 70
126 0 44
615 687 47
327 588 18
300 132 67
37 668 43
388 398 23
412 145 28
617 502 12
467 664 44
260 176 48
602 517 77
409 464 52
206 369 43
166 202 69
366 383 40
261 650 38
600 215 54
548 447 7
314 421 59
378 375 -4
644 636 59
657 635 66
185 482 36
654 534 25
457 292 15
177 505 41
490 594 13
460 591 53
567 717 40
618 687 27
479 525 6
226 326 54
714 283 17
310 262 44
238 167 26
284 547 20
235 132 76
113 282 17
67 504 31
233 547 77
721 61 68
159 413 82
232 52 72
205 322 28
180 151 16
487 71 2
151 663 58
667 309 25
64 312 64
690 643 -5
615 672 62
43 485 45
40 148 13
635 163 9
26 169 19
4 156 26
196 714 59
601 673 29
395 129 80
605 477 18
32 131 57
25 600 72
305 433 14
508 510 83
380 214 53
705 562 11
587 121 34
593 168 33
264 34 44
170 113 60
192 609 3
274 313 15
186 479 7
267 33 46
136 458 42
377 487 58
546 344 75
719 710 43
31 131 84
164 681 75
92 671 31
101 264 56
1 227 38
492 158 35
136 74 19
262 696 15
288 293 72
364 212 57
508 261 10
430 392 7
13 580 66
675 297 9
678 440 40
575 94 30
667 403 40
313 279 76
287 577 22
582 468 44
183 55 9
494 296 63
25 162 41
421 473 23
720 260 26
498 323 6
297 427 38
595 64 52
610 448 8
273 590 68
65 158 18
697 331 43
706 199 36
217 548 30
34 154 71
615 119 68
81 419 82
256 138 39
493 295 65
631 165 -1
656 61 39
544 493 48
633 314 33
269 233 51
712 550 55
246 163 35
351 600 49
72 363 9
98 67 37
653 145 60
83 613 12
416 647 66
635 78 73
658 349 24
42 599 35
277 431 62
430 183 76
262 214 21
247 587 27
660 548 63
376 44 77
574 492 17
9 557 11
686 117 52
112 215 73
621 725 40
602 640 2
508 75 18
234 95 -1
617 592 67
189 329 33
426 271 5
349 184 20
378 482 77
481 708 6
695 365 20
22 603 15
375 413 77
144 664 84
550 392 37
385 710 47
574 423 34
274 352 48
0 51 59
476 37 76
137 625 10
289 191 14
533 566 19
403 422 23
643 195 50
83 713 36
25 322 76
257 318 -5
489 317 67
668 610 23
652 573 -2
131 376 9
550 304 24
524 160 21
398 248 30
340 141 43
657 455 58
239 648 74
218 473 32
271 113 36
33 349 70
128 573 60
184 628 68
456 315 69
611 80 44
234 217 0
58 713 -3
478 22 -3
258 546 8
541 278 23
51 109 22
273 322 55
193 83 -3
520 414 19
192 17 27
563 524 5
94 322 36
491 657 4
527 192 35
83 78 22
597 268 59
468 414 18
450 2 0
536 311 83
276 478 9
622 343 21
261 537 -5
119 377 0
136 313 4
560 631 56
393 282 6
676 111 60
660 725 70
323 369 43
400 460 8
37 495 82
412 685 80
252 558 32
31 347 80
356 150 71
68 556 51
694 280 21
532 538 73
399 260 19
505 203 -2
124 667 8
182 128 6
184 704 45
316 454 34
133 32 60
516 562 13
367 675 49
660 157 48
463 320 22
253 437 35
674 388 72
406 138 76
238 688 78
233 439 2
670 364 23
184 246 9
667 648 7
234 685 84
42 491 76
100 46 51
335 397 77
60 500 68
199 195 74
572 219 58
411 474 21
260 627 52
116 560 14
47 301 57
450 88 17
220 687 25
378 411 43
46 434 29
274 100 -3
477 70 67
372 716 80
355 334 59
454 701 39
650 47 20
588 322 53
427 603 46
572 360 73
86 177 31
44 478 30
307 128 54
338 458 60
459 578 7
674 240 49
385 527 44
623 632 48
408 573 78
463 303 55
96 51 56
329 363 83
196 330 48
36 469 64
413 585 -1
448 360 -1
237 607 0
155 691 71
422 205 55
417 70 52
85 232 62
273 344 26
506 451 0
468 197 17
63 531 1
90 327 23
278 240 58
115 28 18
253 580 2
182 689 2
211 341 64
424 710 0
440 562 49
559 465 52
445 446 81
374 400 26
627 521 -4
151 539 15
310 234 16
670 82 5
443 165 27
67 139 50
500 286 49
299 427 55
610 514 56
709 576 43
661 227 44
501 324 60
687 159 34
257 177 49
365 532 35
422 543 -3
533 15 50
716 209 46
720 45 -5
454 661 69
617 678 2
59 227 52
522 294 12
708 390 14
190 44 45
579 194 19
389 482 -2
9 569 80
89 727 67
714 390 -1
86 133 63
505 404 10
435 162 75
312 112 33
131 711 35
139 327 56
408 572 -3
672 678 4
35 66 13
482 80 60
314 704 58
269 355 9
500 698 8
488 621 15
655 594 24
507 271 0
693 664 -1
266 318 66
555 587 78
73 474 57
50 37 75
455 725 55
600 540 11
424 427 70
250 498 30
158 505 0
684 442 81
134 714 43
406 140 47
447 666 29
424 588 27
578 418 36
249 332 18
290 421 30
394 633 28
209 464 6
701 723 78
143 653 18
187 663 -3
58 606 31
602 700 1
178 186 12
86 113 35
296 41 33
443 94 14
544 492 42
270 435 58
339 11 64
479 518 81
575 302 -2
106 636 78
50 1 20
71 16 37
329 569 57
441 123 22
173 367 45
452 664 76
56 464 31
657 458 77
656 147 12
463 40 65
343 26 9
461 42 73
520 69 -5
24 572 11
615 129 14
447 403 46
14 654 33
635 612 65
12 61 46
19 124 81
498 80 55
56 536 76
386 23 35
640 579 18
678 370 76
301 423 23
583 125 17
279 262 82
219 90 5
399 621 80
568 660 75
611 672 19
121 269 56
120 381 14
332 90 42
340 143 52
522 263 34
226 444 51
624 267 74
613 672 31
192 651 11
670 441 43
84 79 -3
415 498 43
335 479 30
365 154 50
419 69 53
2 603 45
616 281 78
644 214 31
128 652 24
724 46 64
151 217 81
196 534 69
477 350 84
6 618 83
532 398 16
523 197 43
120 7 3
364 52 64
36 670 13
40 651 22
64 703 27
8 185 83
332 382 -1
98 373 47
318 98 62
202 679 55
149 529 74
386 66 65
530 556 79
373 567 68
275 329 47
283 410 -2
532 401 35
238 430 51
81 720 20
223 483 71
621 583 44
593 537 23
416 69 42
626 324 66
657 559 74
598 151 42
212 615 12
160 150 25
717 309 23
638 683 35
128 379 50
667 308 15
526 187 42
56 530 26
709 351 22
16 713 53
576 383 21
693 484 37
464 569 50
662 152 56
616 237 67
398 330 26
723 204 21
621 292 20
106 537 70
722 682 69
58 89 4
5 513 83
651 60 75
315 551 4
698 606 24
376 547 62
157 541 63
415 606 61
647 553 47
461 467 79
593 286 63
705 139 -3
23 449 5
148 107 19
587 446 52
44 89 24
456 267 35
354 490 27
654 321 66
665 212 4
320 303 23
467 211 79
538 368 19
83 401 39
215 141 22
153 105 69
458 524 3
421 666 6
571 601 74
146 347 -3
242 715 63
268 573 52
727 465 43
485 233 27
646 644 52
150 209 74
399 142 73
440 709 29
54 183 80
515 184 31
239 514 41
674 398 53
101 706 9
278 497 19
465 362 24
654 242 79
385 602 84
156 706 14
18 561 73
535 593 -4
453 283 18
474 585 81
130 102 19
445 395 37
693 469 81
126 512 15
622 336 79
510 42 81
132 502 49
123 285 48
325 274 59
6 643 37
500 83 65
693 194 57
469 422 26
98 590 32
243 462 60
409 76 56
543 226 25
212 375 35
702 428 49
679 471 0
75 695 69
241 21 51
358 71 16
586 232 44
498 392 44
246 162 80
320 456 27
222 501 27
146 36 68
616 694 58
343 353 77
379 200 -1
135 322 63
681 283 -4
348 560 70
670 450 3
305 675 24
702 695 4
401 10 54
623 135 71
112 14 59
9 130 48
456 537 70
84 518 72
82 701 14
10 680 -5
409 234 33
1 227 37
525 270 64
665 290 60
321 646 5
124 74 -3
156 119 35
274 200 38
178 537 78
451 627 51
34 697 82
700 158 25
31 365 63
229 685 29
561 53 21
718 293 36
269 306 65
291 616 82
591 163 39
51 195 47
208 242 24
188 134 13
644 377 0
339 177 59
128 639 2
557 305 35
360 78 75
255 329 26
400 204 60
404 77 33
322 474 12
681 558 10
251 208 40
563 60 33
699 648 30
73 274 49
720 159 59
338 299 66
363 466 43
342 601 60
119 178 12
512 688 65
600 64 84
554 253 33
563 635 67
287 642 12
98 400 -5
108 725 41
611 172 62
587 454 66
415 369 79
679 257 69
415 668 35
193 614 62
675 8 43
404 365 67
146 633 53
599 284 83
83 41 71
488 568 36
707 110 11
676 643 -3
327 35 60
259 428 40
658 310 66
519 335 12
39 360 1
691 30 55
189 388 52
632 555 34
384 311 3
689 279 38
374 356 68
635 312 30
301 427 64
680 427 -1
59 64 11
666 234 3
315 530 45
152 376 43
37 388 38
728 540 73
282 313 40
499 367 38
252 720 34
169 459 22
83 418 23
368 482 51
156 715 3
321 268 77
127 330 6
669 639 72
242 393 49
191 89 55
429 182 63
449 724 63
116 721 76
258 486 82
81 716 45
654 528 78
644 513 75
589 686 15
517 120 66
51 705 16
153 467 22
246 70 31
388 706 15
133 429 16
325 201 30
262 376 60
426 363 42
90 231 43
384 191 48
568 297 71
216 325 25
75 414 58
549 572 9
413 60 84
472 230 31
418 636 68
186 446 3
602 508 48
688 112 27
403 286 65
145 484 43
403 186 49
185 33 15
64 610 14
350 352 27
706 654 83
215 159 50
620 428 74
374 359 21
493 135 68
137 59 23
684 694 72
411 199 25
110 548 4
76 163 36
484 544 43
343 471 58
279 195 16
258 362 20
381 625 1
315 497 48
504 584 78
545 23 59
118 712 16
41 388 37
579 135 2
411 536 -2
616 466 26
7 411 80
566 543 10
2 18 64
242 444 82
79 419 26
45 335 64
380 593 -1
705 246 34
536 48 58
199 229 12
171 243 68
7 351 15
562 426 65
171 311 37
615 109 21
456 676 33
428 305 10
626 200 -3
342 223 9
612 246 73
531 137 33
550 640 82
133 656 -5
89 698 74
356 404 76
636 128 41
325 600 52
324 109 -2
249 351 10
482 453 43
537 129 11
207 460 52
447 69 -5
498 585 62
213 115 50
305 436 36
454 217 1
84 190 0
259 458 78
206 633 41
284 76 14
636 191 53
561 419 43
98 140 17
370 434 72
152 655 42
323 717 2
63 575 58
429 409 -1
580 376 22
51 245 73
456 236 40
559 669 60
374 144 66
331 457 -2
377 511 0
587 71 47
147 589 44
263 457 69
537 27 27
707 375 62
17 344 27
490 385 54
573 673 44
619 596 41
495 206 23
704 549 81
387 268 66
311 542 68
264 608 11
257 185 21
69 160 66
298 377 80
597 2 83
725 225 8
210 65 21
251 18 -1
394 425 69
319 613 -4
113 471 38
493 319 14
650 331 23
522 512 23
251 407 81
189 426 39
481 531 76
98 173 16
56 314 22
146 534 67
71 0 13
563 342 7
312 424 82
90 505 52
665 304 12
633 338 24
163 553 7
692 544 47
430 529 51
355 173 64
470 370 59
56 471 49
264 586 73
0 35 66
247 210 83
222 385 79
2 601 4
199 85 66
720 353 35
128 180 64
287 624 52
121 489 16
472 706 8
186 215 44
559 27 56
421 591 68
524 418 30
619 702 57
451 192 71
92 719 43
151 547 33
644 390 49
528 91 2
160 358 8
121 298 78
80 625 26
416 427 75
332 77 48
183 611 75
469 221 -2
569 356 33
386 144 82
99 401 30
261 529 3
72 285 41
415 699 53
572 317 9
27 557 9
625 100 15
237 510 50
79 269 78
527 414 35
725 509 38
474 9 63
149 394 38
314 606 7
462 174 60
680 206 48
643 541 83
186 520 82
494 295 36
15 486 64
174 456 63
485 610 61
646 350 5
332 655 33
72 678 66
190 531 80
226 550 62
255 339 10
403 671 61
154 267 63
300 116 25
168 174 13
684 515 36
673 458 8
377 231 47
12 604 -3
167 131 70
159 264 36
373 200 2
96 674 34
713 454 26
675 163 81
538 426 34
511 73 47
329 219 36
515 36 39
329 38 67
381 663 79
304 161 61
161 344 -4
360 722 9
212 596 36
208 206 0
624 273 -1
23 428 62
467 197 22
498 250 25
677 5 39
445 108 28
222 70 11
469 169 82
386 119 41
98 179 48
534 210 4
138 21 67
365 641 8
534 581 6
135 648 11
180 294 81
696 516 36
532 469 61
646 601 12
238 592 71
402 240 46
212 357 60
11 589 41
614 366 50
170 334 33
556 402 76
183 509 64
120 623 45
335 477 20
575 487 51
72 450 13
319 151 15
227 282 -4
182 538 63
146 70 -1
639 497 78
433 162 0
86 395 61
625 106 3
702 74 16
710 279 62
250 202 68
544 242 1
459 184 62
651 647 48
130 512 38
439 160 74
253 146 55
622 580 44
711 567 41
104 401 31
213 210 68
429 641 0
240 719 3
673 551 8
552 591 65
446 597 21
592 602 18
239 454 82
415 307 3
554 442 14
368 274 78
285 648 23
559 34 68
356 307 16
234 329 2
523 100 65
726 484 81
404 645 36
507 150 30
208 403 77
610 274 49
306 45 80
126 626 84
65 425 43
187 37 1
676 683 58
146 180 44
536 316 0
85 16 43
50 599 27
219 58 22
522 344 72
230 211 -4
693 619 16
547 106 63
469 37 0
373 37 5
29 291 51
312 725 47
203 56 40
277 282 4
27 476 84
472 588 40
655 144 11
55 9 48
139 309 84
488 197 25
100 270 36
590 654 39
244 317 29
200 46 -1
434 581 42
413 664 28
247 435 37
221 488 27
649 227 63
380 570 54
293 251 73
413 287 14
462 616 28
561 351 56
186 394 5
328 57 19
497 55 71
324 464 45
416 31 68
415 429 82
94 435 60
216 261 12
119 709 56
98 106 57
610 230 70
509 694 80
16 2 57
323 34 -5
178 398 66
141 235 62
708 659 44
227 479 23
521 613 -2
284 490 77
316 29 27
1 350 78
537 38 82
206 53 23
438 720 42
38 227 52
393 47 56
242 429 9
173 149 83
700 296 8
208 331 25
476 443 38
484 4 84
627 235 77
236 9 57
715 103 83
410 142 8
50 314 58
123 647 23
169 56 -2
203 413 38
183 359 8
71 13 45
99 186 14
495 502 33
206 497 67
495 645 23
680 442 63
569 414 76
41 146 28
706 554 11
230 85 76
235 1 80
104 201 31
248 170 78
36 282 49
530 318 6
353 333 74
611 327 24
690 256 16
168 432 82
279 216 18
264 623 45
650 463 38
33 569 80
408 247 6
323 76 43
457 219 23
588 13 63
397 287 15
137 79 9
272 705 -5
58 444 2
353 162 50
306 601 10
477 50 74
646 567 76
493 691 30
215 405 49
570 590 50
87 496 7
184 337 73
494 405 52
416 67 45
434 288 30
94 704 36
529 545 78
625 505 69
571 477 15
184 663 57
471 175 49
24 647 4
329 301 59
693 306 50
234 281 18
394 43 80
473 496 82
235 603 17
617 209 53
472 286 59
371 4 78
374 465 77
437 65 15
437 727 56
588 65 34
317 435 24
268 509 71
453 692 31
439 118 -1
182 386 60
14 538 24
227 22 48
24 589 3
688 56 -1
676 528 62
359 256 35
561 132 82
446 339 32
143 616 35
384 65 64
211 550 53
514 245 58
210 354 9
517 436 31
540 402 68
656 611 83
372 711 61
463 539 33
234 94 64
336 222 81
586 485 58
330 316 76
474 498 61
518 641 82
328 181 33
526 326 15
293 144 8
143 656 64
672 448 58
627 251 38
587 449 24
690 479 7
338 117 14
708 535 38
52 20 38
594 512 3
15 676 -3
600 201 21
356 252 64
187 208 74
505 195 82
663 719 61
260 112 10
569 427 17
254 142 60
293 599 6
122 598 81
424 696 17
661 141 83
29 580 51
261 582 8
22 379 25
580 410 61
122 241 79
317 292 12
644 276 51
453 584 50
424 588 3
113 531 83
439 281 64
161 524 82
436 317 20
363 652 28
494 119 10
92 210 68
104 507 3
311 558 81
213 16 74
487 71 58
554 64 21
303 517 66
34 356 74
723 327 61
463 39 39
401 602 17
153 347 60
453 470 46
65 423 28
524 630 29
522 676 72
276 258 75
400 369 73
512 599 43
495 103 58
409 229 20
9 525 9
719 286 29
73 690 52
536 402 29
509 675 1
657 535 37
133 282 54
558 345 26
268 100 22
553 461 31
415 199 1
104 168 27
715 693 5
469 586 75
214 502 22
502 168 66
623 653 14
175 704 64
716 463 73
441 448 63
266 200 73
22 72 31
194 546 22
117 206 7
5 536 -5
372 188 42
647 187 51
421 192 39
610 409 64
472 533 22
581 662 78
187 459 84
670 677 33
407 597 71
325 688 -5
178 617 26
490 633 40
93 522 78
4 187 -4
193 187 54
111 149 26
463 248 57
14 632 8
424 466 26
493 505 7
702 278 57
425 388 2
268 322 29
84 321 74
455 543 33
244 570 41
642 316 81
392 651 26
371 477 71
632 270 18
318 525 57
651 644 -1
382 366 50
1 724 40
578 413 21
368 704 20
208 379 83
231 429 10
66 131 18
706 194 74
162 636 26
161 128 24
248 638 76
717 79 67
524 465 41
606 309 70
578 558 55
325 90 57
146 375 35
356 197 15
183 699 57
181 424 38
19 174 49
301 223 78
71 82 28
656 221 59
220 439 32
317 390 6
657 303 29
455 299 62
140 459 82
486 204 7
90 465 22
613 330 81
710 679 44
131 648 8
217 333 -3
64 641 66
696 350 38
702 670 72
539 624 24
548 421 -5
273 347 32
616 72 19
37 307 26
686 130 -3
151 592 45
120 209 44
461 629 66
725 162 5
439 309 57
597 468 77
575 542 51
281 50 32
149 567 16
22 498 31
37 19 1
458 23 48
172 649 32
470 429 12
265 636 3
608 575 48
148 633 16
533 81 53
193 291 2
330 687 9
583 407 25
175 3 58
605 0 58
248 505 69
106 39 4
171 63 49
274 227 38
669 173 76
228 41 4
179 137 25
255 646 50
447 381 72
124 75 -3
602 312 30
618 71 -4
671 7 25
475 634 8
584 96 -3
364 723 31
523 679 67
180 231 29
352 139 36
264 522 69
545 471 -2
584 231 55
396 436 29
515 410 65
261 404 51
371 374 69
705 473 23
282 343 67
384 499 54
120 360 30
533 478 42
355 424 49
216 718 10
405 325 46
421 241 20
347 70 68
68 112 50
675 331 29
206 184 76
14 681 61
19 217 14
596 280 -3
276 717 57
53 264 14
494 486 23
366 395 61
286 647 12
667 545 49
10 619 6
105 225 1
34 652 59
580 395 22
666 694 5
140 402 24
551 234 -4
645 586 82
708 249 43
374 61 75
461 216 78
677 301 42
697 279 7
704 370 46
415 572 -2
468 5 21
134 14 72
698 650 7
358 675 69
550 588 12
388 322 82
145 82 44
433 420 9
700 135 77
86 370 51
109 319 83
133 339 25
125 543 24
291 540 30
658 441 -1
616 588 15
557 511 76
719 439 13
566 567 65
618 279 45
228 391 63
599 641 34
470 474 2
614 63 13
382 461 54
361 367 39
519 663 51
286 603 21
409 721 58
677 174 -5
592 175 82
135 519 12
423 348 38
543 164 65
90 426 79
722 468 47
290 548 -4
531 321 34
19 704 72
323 242 15
496 451 16
268 605 17
60 172 48
268 254 7
445 594 70
467 380 57
542 223 52
670 383 23
468 341 4
299 494 60
701 172 6
614 405 27
236 97 42
517 165 81
514 498 51
488 624 -5
88 706 1
594 575 43
282 552 25
611 234 41
287 230 45
236 424 22
488 400 28
377 319 25
338 710 62
613 609 5
519 334 69
707 333 16
64 360 39
591 485 60
406 271 21
292 274 37
670 102 61
160 247 42
191 470 44
648 235 44
256 247 66
402 235 64
53 8 73
493 413 83
309 396 49
169 623 35
110 32 19
591 451 14
572 87 55
368 672 9
96 65 43
408 315 8
291 516 11
137 510 65
404 247 77
214 89 5
178 666 3
371 481 5
633 296 46
622 660 16
456 370 50
326 350 24
88 141 42
148 481 3
41 71 48
407 330 66
187 512 84
356 292 68
133 393 34
284 517 28
128 708 18
538 281 28
700 430 16
711 277 41
256 220 59
428 99 7
622 186 70
407 408 52
424 33 24
452 726 38
184 541 17
604 703 60
69 200 6
209 253 57
694 386 76
535 96 71
86 515 21
227 645 2
272 592 25
547 618 6
694 658 15
650 501 80
273 635 24
628 247 26
348 661 47
362 658 45
61 718 27
281 230 4
619 324 58
98 644 25
220 387 2
587 81 83
69 156 -5
532 655 54
252 219 -2
215 78 16
144 678 39
418 241 2
546 7 7
452 564 67
275 571 41
629 267 56
533 473 10
688 275 75
636 590 66
680 18 76
400 102 79
723 424 41
485 624 19
18 345 61
357 247 15
584 396 19
487 255 60
532 217 80
684 608 13
214 100 32
509 447 38
314 725 45
365 717 46
256 574 45
269 222 1
162 67 56
644 521 27
267 231 -2
711 83 -1
411 204 71
124 292 6
500 683 55
435 481 79
702 713 34
696 723 45
666 17 82
255 432 46
120 562 0
602 651 6
553 41 -2
187 428 53
22 417 42
642 54 75
377 687 10
491 127 31
469 156 57
41 206 33
43 86 84
96 160 47
638 643 4
563 71 17
272 74 12
430 557 53
379 80 30
60 308 77
115 237 27
84 152 76
647 709 58
514 449 77
245 432 45
482 41 37
631 336 74
320 350 82
668 129 66
612 458 83
320 433 17
243 194 20
692 167 32
67 216 35
711 375 -1
427 680 63
596 125 0
36 300 59
380 642 68
521 621 23
63 627 48
184 723 12
228 361 2
603 569 32
484 11 75
557 79 83
208 311 55
148 176 32
507 2 63
466 517 28
189 497 57
186 611 1
219 410 1
431 107 34
638 302 63
416 504 83
689 479 67
532 703 5
139 427 84
627 278 22
291 261 -5
240 645 16
136 423 76
567 677 84
408 705 83
64 338 56
533 117 33
483 460 54
263 558 25
410 372 78
583 460 8
612 596 37
353 199 55
291 714 15
2 82 21
152 351 74
289 476 10
146 527 -4
202 546 15
535 492 57
18 158 46
87 135 51
669 295 37
615 269 21
593 38 48
560 201 9
167 720 51
185 128 -1
543 639 55
362 370 80
21 5 62
355 293 40
207 644 6
24 655 23
472 128 18
180 622 48
357 261 51
293 184 79
541 389 31
148 149 6
198 660 35
160 54 -4
447 285 37
84 180 59
637 600 79
654 549 41
448 55 2
77 205 4
459 417 20
280 30 63
414 259 55
537 649 42
323 337 9
104 600 40
621 207 10
270 337 -4
237 345 22
528 672 19
256 39 17
403 318 16
256 82 7
120 70 47
469 320 3
92 178 64
159 279 32
636 77 48
634 146 33
532 653 58
659 709 72
67 413 46
111 597 54
696 237 31
53 569 34
623 372 50
86 298 -1
203 252 6
348 435 14
192 304 24
677 550 55
52 502 10
352 209 83
419 79 1
205 428 29
555 38 67
726 188 78
405 544 64
103 426 31
514 11 35
223 275 65
656 420 66
109 586 14
286 377 50
398 532 65
449 424 46
278 625 46
639 704 20
501 187 17
247 115 46
39 341 79
171 611 71
717 675 38
652 619 81
97 266 -3
82 88 65
716 367 44
376 251 23
635 452 45
247 182 52
390 242 58
586 562 61
478 568 55
696 336 34
481 244 62
209 98 50
34 417 14
238 337 58
0 308 25
685 597 12
617 646 40
269 170 57
487 430 26
688 656 70
643 51 12
522 360 -3
205 429 33
421 517 40
268 362 62
431 92 12
562 131 60
711 639 14
76 343 61
542 215 39
57 685 71
245 282 10
500 639 83
270 54 0
589 265 64
407 271 50
609 694 67
131 636 15
517 45 75
445 185 48
355 724 71
224 554 51
412 240 80
181 402 7
507 162 3
640 146 70
610 271 20
519 401 39
9 710 77
276 675 50
121 553 14
672 488 7
195 486 35
251 234 34
454 143 23
406 485 58
516 661 67
339 432 15
66 510 78
615 107 50
61 321 1
266 628 66
513 127 25
457 662 23
503 310 2
88 13 17
73 415 1
436 330 49
276 8 32
513 153 44
456 417 61
442 0 47
613 435 50
164 188 63
173 622 57
400 620 1
486 101 47
99 198 6
150 86 84
132 28 79
297 728 45
256 40 -2
71 442 23
39 603 33
235 33 38
234 644 27
625 411 14
544 313 11
245 614 18
291 501 24
81 357 63
8 165 75
404 361 54
129 698 79
358 289 8
12 680 18
44 101 39
75 215 1
2 258 81
375 411 46
273 68 -5
651 718 16
92 105 46
297 571 26
196 3 59
188 712 44
303 449 13
392 545 63
512 586 39
465 412 78
526 129 2
170 128 7
681 269 49
182 175 53
329 713 66
637 354 18
419 362 27
445 689 38
318 32 78
240 453 13
85 346 78
465 134 8
573 141 1
43 171 52
356 318 45
243 684 -4
250 595 41
172 419 76
317 442 54
479 439 12
218 19 33
399 692 38
692 349 54
621 40 65
163 334 -3
336 708 48
728 722 -4
362 251 45
272 182 35
676 90 47
692 395 5
1 656 0
307 407 62
471 251 6
162 553 73
576 184 2
662 468 23
203 709 10
657 31 19
184 110 6
604 616 82
15 332 54
690 96 -2
53 120 13
631 349 27
567 518 61
189 697 -3
701 135 71
128 215 -4
40 465 66
390 498 30
562 28 8
378 703 59
106 634 14
500 25 -3
366 655 51
724 650 18
37 564 37
248 393 5
428 141 18
131 333 20
354 674 39
44 188 80
704 53 26
222 563 19
715 564 4
606 70 13
60 380 65
504 321 58
234 461 49
466 432 -5
189 89 52
636 304 78
345 646 25
325 370 13
109 155 73
465 102 36
87 153 47
507 311 -5
153 555 17
162 104 84
567 453 48
664 312 79
531 115 9
532 347 31
16 698 57
488 373 71
691 97 84
607 163 54
34 577 29
316 692 60
525 518 -3
326 15 28
400 266 54
649 579 -5
138 480 41
429 712 39
392 58 83
257 456 2
611 531 -4
632 212 37
270 59 45
384 542 44
561 191 18
306 702 1
54 337 1
160 328 44
590 160 37
63 649 38
400 333 61
680 44 44
294 552 82
501 120 60
545 373 53
686 157 74
413 562 54
579 718 47
180 552 37
176 293 38
262 145 74
111 642 84
260 379 35
251 639 -2
391 430 -1
423 539 40
371 529 67
695 571 55
299 158 14
481 530 44
327 637 62
76 694 24
155 700 -2
687 96 4
111 33 20
405 602 31
650 78 82
359 715 75
37 308 16
585 201 14
356 422 15
682 415 78
392 286 35
407 549 15
502 216 20
27 559 13
649 141 22
64 569 12
522 250 59
47 652 47
76 133 2
182 57 43
571 270 32
388 498 37
381 687 62
17 28 46
272 675 36
381 248 68
125 370 72
9 391 55
318 133 69
51 204 72
427 79 2
356 575 78
668 591 72
195 565 73
405 308 53
274 78 27
553 595 62
202 563 10
189 437 37
441 332 7
129 720 3
330 647 68
90 17 76
449 246 84
318 92 70
700 697 34
706 29 55
391 705 3
152 357 22
539 457 1
174 82 0
650 402 -5
322 728 25
634 78 48
598 612 84
252 522 23
633 51 17
666 526 -2
365 275 18
175 113 4
37 672 68
320 174 39
439 458 45
496 154 48
220 89 38
536 224 -4
642 166 47
649 396 51
422 497 30
95 679 17
400 413 3
672 564 24
299 513 -4
472 608 32
292 454 12
367 281 4
648 133 61
78 60 13
423 84 75
407 59 32
382 283 30
332 533 32
331 509 31
639 487 13
385 159 49
714 90 35
341 349 8
52 181 48
298 715 14
60 515 8
673 48 50
189 494 23
5 533 13
514 586 60
686 562 62
576 478 8
128 254 60
714 501 46
464 505 68
259 598 67
387 604 49
418 514 60
255 359 8
18 203 18
200 170 66
13 157 32
638 354 13
709 71 16
339 53 13
365 107 35
45 94 70
74 431 11
576 486 51
542 532 78
704 147 43
80 81 -4
187 28 48
721 145 21
264 711 57
645 244 -3
565 668 9
657 175 36
675 383 22
38 529 21
208 499 11
598 567 -5
641 449 76
625 562 60
574 106 15
92 728 49
435 157 67
426 413 66
633 113 70
217 609 42
714 169 71
10 199 78
219 393 84
700 704 62
194 123 69
205 449 35
332 356 16
129 474 31
389 387 19
177 236 73
388 114 64
420 84 52
148 114 34
117 180 37
634 365 75
109 258 55
102 679 19
296 722 50
257 396 49
26 176 58
371 673 45
75 588 19
502 684 66
660 333 43
279 644 19
618 302 12
65 526 45
106 144 60
613 190 15
506 723 68
670 543 43
42 485 -2
434 247 3
710 349 33
489 29 26
298 721 80
439 255 57
30 633 -2
236 655 66
286 502 75
658 229 77
651 195 22
712 216 14
561 370 61
620 45 76
617 206 1
496 312 84
602 75 67
199 544 17
58 354 76
16 680 4
503 513 -2
532 324 42
145 122 65
139 348 64
256 430 61
218 683 84
446 624 33
314 470 10
435 338 82
520 375 22
224 178 64
644 223 8
642 718 2
680 660 64
594 525 28
11 370 0
650 267 59
126 672 37
234 340 72
371 587 49
340 592 76
591 155 14
536 636 61
545 567 30
458 361 67
662 499 67
284 187 69
20 452 79
474 447 84
51 261 71
242 259 49
153 444 83
630 396 73
80 394 5
428 683 62
542 84 66
410 418 19
120 572 2
637 420 76
516 643 44
499 656 39
633 600 9
219 114 40
135 461 63
659 98 67
562 558 46
275 174 70
411 87 55
494 728 23
421 542 31
393 662 12
342 353 18
30 118 84
537 404 65
468 511 59
11 619 46
110 544 82
500 698 68
344 616 65
160 589 79
162 325 12
418 326 8
379 323 80
580 291 36
36 582 3
239 570 18
630 643 57
233 545 41
154 144 31
219 125 35
214 229 22
341 517 56
184 499 3
161 78 6
38 289 50
126 250 35
283 0 44
306 327 84
352 315 8
723 371 -1
496 11 13
496 71 -2
381 240 25
542 143 32
563 206 -5
688 298 61
78 527 5
402 9 76
133 655 46
549 642 30
91 482 60
467 365 82
372 556 45
411 210 23
567 588 36
260 504 55
423 425 81
313 660 62
98 440 9
666 691 35
28 699 45
667 322 52
333 128 69
440 41 51
575 704 73
726 437 80
255 307 76
194 720 7
553 13 20
130 17 47
533 121 3
383 481 35
331 301 34
475 163 21
367 545 28
572 95 31
388 340 1
353 244 28
478 53 28
417 235 34
659 482 31
688 565 84
684 1 49
546 211 82
362 163 44
442 616 12
198 664 84
630 89 45
167 718 0
484 519 13
624 359 29
434 268 66
38 545 55
619 345 32
604 343 -4
518 4 45
381 705 10
497 402 52
244 270 43
626 35 46
516 53 18
713 182 58
549 261 59
682 11 63
141 267 4
638 466 38
157 16 47
129 223 33
228 221 75
68 538 57
545 213 18
617 103 73
322 600 38
253 711 70
476 694 69
712 396 44
279 65 7
112 530 38
726 244 -1
652 646 78
449 45 28
472 273 1
613 599 58
334 433 73
163 37 4
646 31 19
589 601 66
605 143 2
239 719 82
20 279 66
511 272 -3
305 642 35
653 507 8
430 498 32
6 250 39
436 271 57
611 672 5
70 634 32
437 469 45
419 487 67
234 58 25
324 447 54
523 62 52
540 209 6
265 66 33
305 680 18
487 314 7
603 410 38
320 10 59
213 133 74
638 84 4
340 314 50
656 727 9
112 716 64
260 329 1
452 682 60
690 589 33
319 304 40
451 88 24
363 453 -4
413 215 28
28 569 7
255 66 31
319 529 35
219 598 65
415 196 71
646 558 28
243 676 -2
597 255 23
196 556 76
183 29 31
405 108 31
644 427 64
615 400 84
569 342 11
48 638 70
58 217 12
599 341 3
426 69 54
531 455 3
181 258 72
34 150 80
594 329 20
184 554 8
716 692 25
305 684 43
55 93 60
123 575 23
386 478 58
588 404 27
377 407 17
661 458 64
361 99 76
62 325 80
499 88 84
313 585 79
703 54 61
225 654 -3
478 350 43
370 248 10
299 541 12
554 170 58
668 165 32
600 365 11
321 41 78
356 637 32
60 634 52
173 464 31
359 181 74
388 267 18
409 281 79
204 574 77
304 593 59
17 240 84
400 624 7
231 95 -3
260 144 70
576 521 44
91 279 6
269 235 32
400 385 18
22 79 79
429 431 59
467 88 -4
629 711 58
584 256 59
375 546 26
24 117 4
72 355 50
608 690 65
377 438 53
722 487 49
310 305 43
726 227 25
3 147 47
0 266 76
476 235 78
223 373 32
472 565 13
84 362 26
179 599 15
572 425 60
78 386 59
80 104 2
518 616 56
635 606 20
467 109 14
315 222 50
117 652 25
673 39 54
683 427 31
223 541 74
544 79 83
641 232 17
581 684 -1
645 186 82
116 77 74
55 388 57
38 145 59
517 565 17
98 462 46
43 284 52
398 443 49
181 239 50
235 412 38
668 252 16
51 476 69
646 260 11
290 598 8
702 55 41
388 96 36
151 651 69
457 634 11
93 248 77
102 396 33
521 404 55
125 181 47
561 423 80
534 301 74
479 365 -3
162 306 40
685 480 76
288 501 70
250 20 17
25 385 81
12 90 9
28 495 -3
273 506 63
341 685 16
9 179 72
670 235 33
141 443 30
450 467 7
497 68 36
622 172 72
177 137 29
183 365 54
415 475 65
240 1 71
111 709 59
379 240 38
701 600 73
342 73 29
345 484 84
449 307 12
270 674 47
679 163 51
557 710 70
620 272 38
573 62 9
182 685 54
627 101 50
45 708 49
668 442 84
614 460 11
446 101 77
246 267 62
608 71 30
135 38 66
211 331 42
410 667 68
90 629 19
100 595 24
68 249 45
115 168 7
101 227 38
202 317 6
357 380 76
75 444 75
303 591 -4
145 367 37
471 465 60
129 275 9
466 513 67
237 72 24
268 1 76
570 235 83
422 577 80
149 115 18
660 55 28
51 195 7
600 438 44
432 317 35
183 217 3
578 710 24
397 720 39
674 66 32
378 707 22
695 622 12
338 412 46
687 480 70
374 661 15
665 397 10
97 709 55
98 78 47
30 582 31
502 419 72
511 142 1
461 375 36
728 662 2
190 111 46
55 419 4
439 187 2
98 445 36
437 578 66
53 187 24
503 628 78
690 480 29
247 436 64
134 450 32
141 523 65
662 415 -5
160 201 29
344 16 6
726 593 38
430 223 34
197 528 57
421 80 74
576 312 9
289 175 48
141 484 58
636 244 6
688 298 2
160 20 52
382 227 79
21 168 82
505 334 61
577 381 50
150 250 82
274 244 39
525 724 37
241 388 71
621 374 25
386 554 -2
632 27 15
336 128 11
207 112 23
705 522 27
175 312 33
592 427 13
435 567 42
90 240 55
327 336 -3
471 660 58
289 113 65
174 488 33
256 173 48
642 613 69
295 54 25
411 690 58
173 362 82
75 390 15
599 592 66
292 513 80
516 248 55
578 147 37
224 114 0
309 110 37
625 90 61
632 601 25
84 697 43
444 84 25
488 432 5
137 544 -2
691 16 60
602 492 35
54 394 60
111 540 75
234 52 27
422 276 51
311 48 18
82 65 62
348 263 51
586 404 22
639 205 77
452 656 54
598 62 40
629 516 11
368 36 68
491 470 27
186 372 70
436 257 80
320 255 32
18 455 65
614 443 64
70 641 69
256 542 25
264 371 55
662 32 16
207 214 39
553 42 23
641 332 36
409 272 78
724 518 28
398 722 52
434 303 27
469 650 7
644 383 6
198 22 57
146 351 13
435 272 35
217 286 49
356 370 19
32 5 56
120 323 -2
108 641 12
262 37 0
641 210 75
696 240 27
408 423 -5
84 144 26
616 355 22
85 298 11
593 508 8
722 693 44
358 102 33
449 41 65
115 527 70
240 462 35
607 232 57
346 418 2
85 593 19
47 544 57
531 289 17
249 507 8
6 56 16
92 419 52
111 643 79
629 548 31
356 674 37
601 656 25
388 411 1
580 103 -2
29 426 37
433 197 16
225 512 41
64 60 61
175 637 61
21 600 4
567 615 75
434 701 13
173 156 36
205 194 23
60 358 64
132 20 4
436 43 36
597 309 7
393 271 82
702 704 38
490 681 62
239 577 9
557 523 47
429 548 71
603 41 22
126 727 23
159 118 51
521 151 47
376 320 77
200 436 53
326 383 77
433 553 17
108 157 22
588 8 33
727 306 67
259 719 37
265 258 74
206 107 3
265 585 56
246 187 20
294 560 65
671 96 71
33 571 75
182 1 65
429 81 77
163 348 10
260 319 21
537 681 14
116 189 26
354 255 22
380 19 36
5 349 24
584 349 23
179 240 72
587 299 12
540 667 27
373 219 26
167 65 7
591 273 76
499 666 40
358 498 24
726 403 -2
717 369 42
319 487 65
493 23 84
3 602 17
556 334 3
635 177 53
558 203 62
384 488 45
234 388 -1
431 693 10
529 120 22
123 355 19
309 8 28
560 596 81
214 211 48
511 49 53
224 234 10
70 150 13
418 571 54
138 614 42
224 117 23
409 593 -1
128 319 -3
245 108 19
425 63 32
432 652 45
145 342 66
188 479 24
230 12 50
652 398 35
123 594 26
623 486 69
244 627 13
120 569 27
375 438 68
59 156 52
361 248 3
311 82 20
659 688 10
664 40 40
340 68 21
396 581 5
713 260 42
576 403 65
32 535 54
430 583 -3
140 539 62
712 186 57
396 125 49
390 342 23
549 473 -5
44 278 75
265 140 69
135 189 80
460 42 26
187 718 55
691 226 69
634 18 3
405 166 1
156 401 29
215 379 1
461 39 52
71 696 39
557 694 1
72 369 78
593 35 71
726 540 68
387 153 64
299 207 14
694 600 5
545 114 -4
197 370 22
9 339 79
2 676 29
600 203 -2
456 299 9
468 411 81
582 264 65
319 519 36
490 655 71
438 655 58
512 619 84
255 419 1
76 512 62
438 720 7
712 95 39
158 551 53
127 190 31
414 460 72
449 99 47
24 606 50
717 713 27
440 493 10
640 229 19
99 321 25
35 153 49
655 214 63
355 561 27
136 82 8
675 112 18
162 591 27
597 491 24
383 724 84
654 559 64
139 483 47
72 16 26
439 408 69
439 217 44
290 378 25
159 650 19
360 425 62
553 502 80
101 173 15
152 15 0
617 704 11
154 587 67
427 601 28
568 520 54
287 46 83
368 207 45
139 309 5
650 551 42
669 130 35
276 263 45
582 605 8
72 238 9
183 531 20
276 711 20
312 728 48
296 687 49
613 634 54
379 548 77
140 655 48
173 65 57
604 360 63
390 445 77
263 346 37
673 153 -2
363 305 26
235 668 34
104 12 52
158 694 73
99 722 38
484 78 9
646 4 12
719 112 67
339 635 58
143 655 7
202 203 32
56 270 47
606 496 47
162 34 26
536 33 62
713 557 19
246 592 67
687 312 55
719 385 69
482 83 32
674 321 52
685 452 53
296 202 -2
8 9 19
508 624 0
506 595 9
58 638 67
704 267 82
296 12 74
172 254 18
547 490 71
648 195 47
311 523 3
381 21 62
114 719 69
621 711 37
254 393 21
198 229 80
402 548 2
678 707 76
155 680 76
627 439 34
209 390 -3
688 316 2
337 345 19
440 278 39
725 422 77
194 501 70
72 9 29
293 127 63
449 601 83
342 417 57
581 305 41
155 220 19
382 487 68
662 710 78
96 445 2
410 494 46
216 422 58
364 713 57
345 683 49
403 167 50
631 697 73
347 270 64
140 82 46
483 587 65
193 407 39
714 379 22
311 114 68
597 338 34
629 693 46
224 536 13
679 353 72
566 547 21
526 715 68
109 301 15
424 386 75
315 657 77
570 213 55
272 362 56
582 480 11
114 693 26
615 129 9
52 635 59
597 340 -3
176 629 23
363 464 29
634 234 2
221 265 15
157 524 23
435 73 77
639 194 44
220 654 21
290 171 15
716 624 24
278 248 53
168 508 67
137 496 10
615 340 26
684 86 68
678 604 44
691 212 68
415 80 0
291 160 15
111 475 41
368 352 13
100 408 37
149 501 24
466 689 8
506 699 7
101 57 77
19 560 29
633 192 58
431 161 14
230 364 75
478 39 64
75 592 4
194 97 32
159 422 8
574 69 74
190 608 68
455 576 56
356 60 72
642 510 45
457 517 -2
61 137 56
403 643 13
230 329 39
670 336 -2
342 291 70
560 549 58
522 309 3
565 523 59
515 305 69
401 374 80
476 538 57
210 694 51
313 149 45
539 415 24
118 555 13
365 67 53
22 503 66
638 702 27
89 417 9
347 30 50
49 663 46
96 698 59
114 136 49
200 471 22
102 348 27
323 599 24
486 680 58
462 465 6
576 656 50
602 385 71
719 634 27
250 107 61
277 431 -2
0 309 6
263 456 15
196 610 11
518 667 23
372 665 76
67 11 33
30 105 65
359 112 44
402 313 12
573 148 47
321 580 78
13 422 38
133 445 50
521 119 -4
141 332 56
283 89 13
22 585 59
493 349 26
418 650 21
568 113 -5
65 200 50
71 335 5
49 274 42
703 181 32
45 342 84
572 638 35
70 606 25
325 231 6
7 576 21
151 138 50
514 297 33
262 537 31
674 548 67
413 130 71
89 32 12
104 399 22
722 540 12
317 434 38
122 478 48
193 503 26
400 694 3
351 677 53
398 62 -1
339 386 26
523 613 49
257 288 26
111 538 54
14 627 76
446 165 33
671 515 70
658 188 -4
581 219 43
205 384 82
469 26 57
384 459 19
217 278 16
642 516 15
314 480 16
618 155 34
219 527 81
67 493 5
221 217 59
170 512 72
474 584 63
542 45 39
179 22 -1
121 694 67
605 561 74
532 435 44
516 574 30
625 589 10
208 7 4
243 115 34
577 602 43
202 375 31
727 326 66
70 564 17
38 59 11
20 481 68
530 366 60
439 1 -4
147 598 75
27 276 -3
125 77 34
441 144 54
476 75 8
43 727 64
112 584 59
682 329 72
121 304 51
60 235 27
725 6 70
418 331 22
491 515 21
512 261 41
100 474 1
4 353 62
605 435 48
559 10 40
482 344 60
506 100 -3
486 248 39
88 349 41
121 530 83
641 728 -4
533 293 47
177 271 23
414 528 84
374 235 43
429 523 49
491 188 9
492 240 77
80 453 56
26 100 83
174 23 26
573 430 29
182 161 52
459 671 54
132 322 37
656 47 33
57 507 51
523 609 39
419 141 75
35 238 14
365 503 66
227 73 12
111 709 -5
151 715 80
237 713 52
671 612 67
130 316 68
444 549 51
365 347 35
405 20 64
132 410 11
22 325 46
128 263 46
465 413 36
428 390 0
192 161 31
634 590 10
234 58 42
263 428 49
273 261 14
155 443 47
79 197 14
478 500 71
365 642 42
42 574 56
556 526 58
636 29 46
262 414 79
249 119 10
639 105 18
65 437 45
665 103 58
343 297 20
693 63 68
717 151 47
477 168 84
253 386 18
170 200 32
249 692 10
272 54 74
156 59 32
302 469 21
454 161 68
256 257 71
139 698 53
629 601 -1
286 455 52
691 41 -5
373 664 83
225 517 66
380 707 -2
656 322 55
47 193 60
194 424 77
50 369 25
78 452 24
266 507 21
613 631 4
235 646 80
480 359 36
494 482 81
441 165 44
16 44 -5
666 92 29
384 25 36
670 291 71
587 651 59
454 487 55
462 662 57
548 701 24
716 70 65
536 2 10
327 601 45
675 697 52
212 459 72
79 416 3
665 389 62
710 206 68
381 696 -3
267 408 71
167 624 20
108 311 84
726 615 83
343 196 59
578 636 4
313 606 54
146 216 43
90 406 46
45 723 3
247 460 12
715 249 46
313 550 44
118 561 27
95 187 36
408 389 44
191 305 55
266 294 46
209 504 43
394 56 19
485 182 40
637 663 57
347 263 -5
557 2 63
149 419 32
229 99 23
228 589 67
138 246 63
355 627 77
368 484 -4
553 322 30
423 277 -4
212 308 60
378 59 51
167 600 65
609 521 19
15 120 -3
435 471 29
606 240 58
330 368 80
147 662 41
425 171 29
311 271 52
443 683 11
481 78 -5
652 39 47
509 84 26
562 598 40
108 117 25
54 585 13
520 541 17
272 674 40
538 599 31
605 45 75
456 496 13
644 242 -4
234 22 3
381 434 0
393 85 14
609 586 49
201 669 46
696 545 66
15 294 1
697 327 26
164 434 40
160 419 20
427 557 27
258 296 5
460 285 71
473 493 11
490 679 32
50 161 0
562 650 54
630 205 43
595 376 26
166 232 41
612 27 6
654 661 69
561 130 2
264 229 76
465 47 50
363 600 35
329 221 73
542 559 7
259 8 63
137 16 -4
464 384 8
382 473 35
368 600 -3
205 285 72
193 561 27
588 628 52
414 91 21
307 198 82
643 597 17
562 328 55
587 176 54
634 496 33
614 720 31
91 590 79
686 615 60
218 680 9
345 32 56
18 164 1
176 215 0
245 398 47
9 376 62
125 217 4
521 636 41
306 510 -3
711 231 72
19 75 77
496 689 83
525 374 42
400 184 59
334 2 78
130 61 21
515 128 35
700 695 18
406 696 77
40 634 13
216 47 77
538 533 40
104 259 53
628 473 -1
27 361 58
349 645 66
64 158 26
248 682 64
335 146 7
192 260 47
98 678 70
688 260 34
558 270 49
598 417 60
60 649 18
548 45 78
22 510 50
80 542 48
717 625 22
355 489 9
386 501 5
82 5 22
686 593 25
113 643 37
424 271 18
469 208 17
424 292 38
351 137 4
194 611 38
230 559 49
465 70 68
147 141 18
674 411 5
658 682 75
723 219 45
117 360 81
8 447 41
159 182 80
402 199 58
165 263 7
382 135 10
626 479 33
347 33 84
27 326 34
286 523 75
339 705 -3
615 244 48
415 255 5
385 667 32
580 509 8
414 68 37
627 204 37
343 37 62
68 86 13
307 631 81
559 303 19
305 187 48
703 312 35
286 467 32
647 265 51
418 260 38
430 48 19
152 260 67
37 97 1
634 136 21
250 286 45
667 714 13
489 253 51
417 544 23
416 79 34
543 645 81
461 484 7
72 252 40
168 618 35
480 324 22
17 308 22
325 536 7
277 168 58
430 194 5
579 528 53
624 488 67
404 692 63
68 235 55
617 241 16
335 583 42
37 196 76
158 199 34
221 108 6
700 350 19
388 345 67
346 492 -4
239 168 72
443 624 31
501 513 -5
362 632 7
468 317 75
352 503 2
207 98 54
534 502 -5
187 573 -2
636 690 50
129 185 0
645 591 16
520 109 47
558 396 59
527 592 71
329 539 43
80 233 3
306 10 18
438 629 -3
360 61 32
259 666 83
430 727 37
332 32 25
717 711 82
626 215 39
538 714 3
95 239 1
82 503 16
243 65 5
432 440 75
704 248 -1
531 489 49
245 182 70
125 285 17
642 675 67
375 255 9
689 661 31
522 209 8
433 160 51
349 689 39
25 89 33
212 68 65
652 21 29
128 438 34
401 318 70
478 143 24
123 331 67
605 405 27
699 86 20
493 90 21
280 664 57
337 643 22
115 42 71
697 172 65
119 364 17
714 439 18
595 199 77
488 298 56
582 9 75
387 337 68
183 374 42
180 584 78
304 90 1
265 593 8
439 557 19
174 727 73
296 388 2
84 86 75
587 597 46
633 320 79
609 603 47
360 351 0
346 293 39
57 37 2
507 89 84
261 290 35
39 330 41
328 93 62
181 623 27
61 536 33
429 312 36
440 338 76
74 708 74
63 178 23
31 332 51
348 130 18
63 4 4
19 15 31
652 261 9
358 648 48
430 209 56
531 422 31
426 3 22
218 397 50
684 502 51
545 441 69
343 550 4
555 356 79
561 633 59
569 202 21
694 474 66
683 121 54
191 699 64
352 72 77
478 333 19
671 526 14
331 114 79
60 46 53
541 239 10
363 94 14
697 632 54
518 304 55
323 556 73
76 212 42
142 689 -1
421 492 15
334 310 0
225 199 -1
560 353 14
693 599 78
308 410 77
431 147 74
333 585 44
507 428 56
479 495 23
452 13 31
339 485 28
648 430 42
123 519 71
28 398 20
689 681 36
670 30 3
486 231 8
99 523 42
423 228 55
579 663 84
