17 5 22
20 13 5
22 15 8
13 22 26
24 4 16
9 26 27
14 7 31
20 22 17
4 11 14
3 14 23
25 12 8
5 8 7
4 21 17
4 7 -1
17 5 1
13 22 -5
9 17 22
13 11 11
13 9 16
9 13 17
2 6 28
13 23 7
18 14 12
15 26 3
7 12 18
20 11 15
19 9 -2
11 8 17
10 5 9
16 2 33
10 14 33
1 20 3
3 9 3
1 3 25
12 0 23
20 22 31
15 2 30
13 14 13
2 25 11
15 25 20
13 23 30
24 21 -2
8 2 24
13 9 34
6 8 30
16 3 7
23 7 9
11 10 2
10 23 16
8 14 33
7 21 10
0 12 23
14 24 2
14 9 21
21 17 15
12 4 4
12 5 17
21 22 3
4 10 21
13 25 23
15 2 3
1 8 11
4 16 -2
25 24 5
19 24 0
24 17 33
9 10 1
0 23 24
14 22 1
7 18 14
6 0 25
19 12 6
9 24 4
13 0 28
26 19 5
8 15 3
9 3 15
17 24 16
4 7 8
12 16 10
6 24 3
