56 76 1
66 69 0
74 52 12
72 11 13
75 64 5
27 1 15
29 77 32
29 61 37
1 24 30
45 5 13
53 41 -1
36 14 34
18 40 27
49 71 16
39 0 11
70 47 33
42 32 34
78 23 -5
60 29 4
10 13 26
49 4 20
6 65 25
51 53 13
14 59 -3
73 67 -5
46 5 31
67 70 -4
35 71 3
79 2 -2
73 49 6
70 76 14
41 47 34
65 46 39
7 5 23
65 62 21
24 62 12
30 4 35
20 79 22
4 29 7
36 79 4
9 36 25
50 74 5
26 45 25
46 10 4
80 22 33
59 46 20
35 14 16
5 37 16
77 68 34
76 5 11
31 77 37
0 7 37
25 4 35
7 73 8
78 8 16
52 0 10
42 40 1
7 58 26
13 30 32
44 48 31
2 70 9
29 19 14
52 71 9
73 42 31
24 27 1
64 73 29
67 29 11
12 5 12
60 16 16
48 70 1
4 53 -4
2 34 33
0 13 6
76 18 24
1 21 30
73 56 32
10 74 2
44 75 11
4 63 -2
9 33 6
17 26 22
10 9 15
26 56 5
39 32 16
0 66 31
26 48 27
2 25 15
53 50 9
47 49 32
2 47 23
13 9 31
29 0 5
78 53 33
25 61 -3
9 22 32
19 1 18
79 32 34
20 62 26
12 72 -3
30 39 4
75 40 36
14 50 -1
63 12 2
48 14 33
34 36 8
29 76 32
8 35 11
9 54 0
17 36 39
18 78 19
0 36 14
31 58 39
74 51 -3
47 63 14
7 72 -3
78 5 17
22 18 17
32 2 9
2 42 17
10 20 13
60 10 6
17 76 20
54 52 21
10 5 28
69 62 2
6 24 22
48 17 13
71 28 9
29 43 19
43 33 28
29 1 6
75 3 34
61 7 16
32 73 11
67 73 17
69 44 38
72 49 11
73 30 20
50 21 -1
27 61 -5
74 9 16
25 19 28
49 2 0
64 5 23
13 20 25
71 3 2
59 74 4
27 1 15
22 46 -4
57 51 7
35 30 29
2 65 7
40 21 -3
45 27 35
71 52 39
24 80 13
48 57 13
66 23 7
30 72 30
29 40 9
36 11 35
61 10 29
18 55 30
58 10 30
71 35 34
80 42 16
0 36 21
27 23 10
47 56 9
65 5 -5
58 75 23
70 57 11
57 53 25
43 53 -1
10 50 5
57 47 27
71 68 20
27 70 27
7 16 24
55 41 25
35 18 0
46 35 14
64 65 12
36 41 30
46 74 29
57 38 23
44 41 6
31 10 16
15 31 10
46 52 23
17 43 5
31 29 30
18 44 14
46 55 -2
29 33 -3
42 32 14
76 68 -1
69 8 21
25 61 16
15 60 16
54 32 21
46 23 22
61 27 20
53 54 20
68 63 32
43 61 12
24 49 30
7 31 23
44 76 25
43 35 37
75 66 14
53 70 23
27 44 34
37 65 7
8 4 21
72 50 9
64 45 -4
31 19 -1
36 31 29
42 9 1
66 67 30
39 50 33
15 31 19
75 55 34
23 80 34
1 54 4
36 18 6
10 3 2
29 23 38
7 45 39
65 25 -4
23 14 7
48 20 2
13 67 16
24 74 13
28 4 28
68 35 1
65 6 11
33 79 37
21 36 27
19 15 10
0 74 19
19 65 -3
76 18 35
21 12 29
15 32 0
15 72 4
34 74 6
9 51 35
59 5 7
58 49 26
77 63 12
57 73 5
11 41 34
4 39 15
19 3 22
46 66 30
46 5 7
35 79 -4
27 52 24
71 48 15
60 24 1
44 32 15
79 24 4
41 17 20
5 60 11
23 74 19
52 24 35
21 27 19
5 10 32
58 34 37
11 52 21
47 6 2
14 75 3
3 56 13
5 70 0
19 74 27
23 5 23
78 52 -5
62 54 37
2 22 18
65 77 13
74 46 0
52 1 33
40 77 3
21 50 34
7 53 27
7 46 21
20 76 26
39 46 23
60 3 37
31 33 30
28 51 -1
69 17 21
19 80 9
56 64 10
12 4 19
1 35 4
26 18 24
12 25 6
47 62 -2
37 16 39
7 22 24
39 48 30
28 10 39
39 42 12
21 80 33
48 32 8
2 52 13
44 20 27
32 19 35
40 67 -5
68 28 32
53 34 18
71 62 38
66 41 8
45 8 -5
64 41 35
71 46 31
24 51 7
74 45 0
36 18 33
37 55 38
15 77 7
