91 186 43
170 233 27
115 93 0
35 86 5
26 181 49
22 127 12
17 79 43
64 146 20
226 24 3
29 26 40
180 14 9
149 39 -2
64 26 -1
42 101 27
190 128 28
112 185 24
169 63 4
17 133 54
223 136 11
146 96 47
57 179 19
141 240 9
49 96 29
204 154 0
140 51 31
167 35 10
131 0 49
141 229 32
176 213 -4
164 58 35
28 93 26
148 124 37
94 113 -5
84 12 50
25 162 41
8 54 46
117 206 28
135 49 35
122 22 20
238 149 4
242 139 32
60 206 30
229 220 39
217 154 33
91 110 28
71 230 34
86 30 18
180 67 20
32 111 53
129 96 14
137 58 33
91 6 21
196 74 43
29 24 18
188 128 32
41 206 -1
130 146 13
140 203 1
214 14 -1
73 64 7
80 96 39
44 101 12
177 206 30
19 120 27
55 31 19
177 217 11
240 196 -1
204 136 34
82 200 -5
32 164 -4
156 202 5
228 107 46
139 121 10
98 218 -1
4 145 2
156 202 36
173 22 22
226 189 54
105 62 41
49 169 37
180 16 37
106 223 -1
111 26 40
19 84 25
82 131 2
172 182 43
52 106 -5
187 192 46
199 190 42
46 144 11
223 178 37
21 54 18
78 230 36
28 93 16
56 197 18
209 165 12
201 13 28
67 63 31
216 145 9
97 189 9
125 145 8
115 164 53
48 32 -5
239 1 7
193 67 31
61 187 7
17 96 16
46 30 3
225 99 28
25 8 17
122 70 -4
127 152 52
153 223 17
28 86 8
199 76 5
6 203 30
106 21 39
63 74 46
193 24 27
214 40 3
217 183 21
129 125 34
135 24 4
79 86 39
30 236 4
133 237 24
45 158 21
55 141 46
138 113 42
187 201 11
65 73 6
201 194 6
151 125 14
84 17 0
180 211 42
222 164 10
89 228 11
84 28 32
56 13 45
62 63 51
172 241 3
61 221 5
15 58 26
15 231 54
87 33 31
201 40 33
70 107 47
232 112 -3
125 186 20
234 139 48
154 50 40
173 208 49
150 22 36
153 131 -1
145 215 7
135 149 32
32 79 9
34 198 9
109 138 25
66 185 15
46 158 42
159 4 25
134 184 -3
83 121 46
22 141 12
93 26 -3
181 53 51
125 225 31
87 6 11
200 25 42
38 123 44
153 75 20
232 236 13
140 98 -4
119 27 48
108 153 36
55 25 6
167 214 12
197 138 9
49 226 20
131 67 5
102 142 31
77 224 2
40 2 38
216 149 2
104 56 33
154 241 -1
199 81 34
90 62 53
80 100 10
187 235 15
111 239 40
60 133 38
141 77 8
28 145 30
28 232 2
140 61 38
74 51 41
178 140 53
230 137 22
233 177 17
178 34 10
90 93 47
106 98 22
195 59 0
220 35 -3
129 212 33
161 236 -2
179 207 10
7 232 43
141 172 17
223 172 14
99 223 22
209 116 13
116 79 38
49 134 21
213 45 3
91 166 44
12 210 39
118 184 9
187 149 15
121 19 23
105 188 42
74 95 0
156 106 19
97 204 13
162 15 -2
196 116 31
51 239 32
112 113 47
147 205 17
71 231 38
170 81 54
224 98 11
27 118 46
223 47 28
75 223 38
3 239 1
167 132 15
227 51 43
47 53 54
94 185 37
141 232 43
31 226 30
228 17 27
220 69 33
28 203 0
40 88 5
118 186 31
104 111 5
42 103 32
11 118 29
125 150 38
193 191 17
187 62 51
66 79 53
225 60 14
80 17 -2
2 158 13
176 213 0
158 166 54
32 113 35
41 30 39
169 76 24
77 6 -1
111 241 6
82 207 47
46 95 23
73 81 26
143 173 46
202 122 -1
23 20 29
60 127 28
158 147 47
237 179 32
29 193 21
43 153 20
158 170 12
74 133 -1
77 192 35
103 86 50
219 85 51
122 90 25
77 118 17
94 176 12
39 136 35
44 12 29
7 14 37
207 170 9
60 107 -2
67 152 31
90 142 44
8 81 44
58 242 30
220 10 30
128 240 4
47 20 38
110 58 41
137 2 43
189 187 23
241 182 28
235 5 3
83 80 -1
84 136 42
220 68 -5
56 176 31
80 211 12
87 100 23
194 27 45
238 51 21
78 110 36
239 35 19
184 13 0
5 189 23
194 84 11
114 157 23
103 241 12
114 88 1
141 205 46
112 195 41
239 209 -2
226 33 17
1 180 54
120 168 2
212 105 2
225 157 23
47 100 38
56 58 26
91 235 29
204 100 50
152 171 45
230 188 32
55 155 12
100 137 52
163 104 27
65 157 35
237 63 48
214 102 39
94 156 14
67 134 24
170 98 6
209 12 28
197 50 -5
100 49 53
48 76 41
197 167 19
34 224 34
149 88 13
175 40 10
128 18 -1
232 33 46
94 235 9
19 108 19
199 104 12
111 201 45
9 86 47
73 100 4
238 51 11
155 139 -4
39 202 38
230 63 38
146 92 9
3 43 -2
87 110 -3
183 96 6
234 9 54
44 24 10
13 144 -4
114 140 17
102 19 47
204 68 10
155 220 43
173 114 31
10 212 10
154 124 35
129 170 20
161 53 45
125 121 33
137 110 29
87 22 28
206 181 22
149 87 10
120 119 46
129 47 49
58 196 6
172 127 10
143 198 18
144 59 47
167 112 -2
197 31 40
14 15 52
12 1 47
231 174 27
18 64 0
71 218 29
175 166 20
177 192 30
185 228 40
181 0 9
30 239 40
218 165 47
79 173 30
1 231 22
133 166 37
143 44 8
219 223 49
173 217 16
139 206 46
174 87 8
140 173 33
214 55 9
197 125 4
18 75 28
100 98 21
147 197 54
37 149 29
93 25 30
74 129 8
133 229 -3
94 157 54
41 71 1
16 48 4
226 152 37
134 22 47
116 145 35
234 96 25
56 237 44
91 58 23
221 125 0
136 30 14
109 73 16
64 158 29
28 199 54
67 135 -4
37 180 -4
89 204 3
207 192 14
219 92 36
44 190 35
146 157 -3
105 26 -2
24 51 -3
98 1 9
174 126 8
197 159 0
16 214 53
222 54 29
102 242 40
187 129 7
28 199 20
29 170 3
39 124 23
29 168 35
214 210 -2
49 162 0
93 224 28
30 62 22
116 108 43
164 70 51
190 236 15
34 41 12
220 192 5
147 164 50
8 147 53
192 218 2
78 152 13
10 18 16
157 40 -1
63 77 19
109 195 16
132 25 8
73 49 42
55 86 4
24 45 31
54 193 10
151 87 22
43 159 22
125 163 13
97 160 52
103 219 47
41 129 25
3 122 8
5 86 20
67 37 28
128 14 -3
149 189 15
116 196 9
155 63 19
107 58 36
214 145 35
28 123 31
31 94 24
10 216 42
104 194 -4
177 136 47
50 158 53
192 73 4
170 77 34
50 222 11
106 50 5
159 73 49
100 60 47
126 36 -2
138 155 9
44 74 48
95 54 34
17 93 51
101 48 28
220 59 38
189 73 5
28 232 42
116 165 -2
131 146 15
189 120 36
225 232 3
185 120 23
150 115 40
64 58 10
178 208 -5
212 86 47
212 181 45
24 236 44
202 130 48
36 186 49
149 100 22
57 48 39
59 120 32
153 203 45
117 54 14
42 156 13
203 133 32
139 211 43
117 218 6
184 25 36
7 140 38
91 117 -3
98 70 8
171 200 47
187 82 -3
155 213 51
159 67 21
122 195 53
79 110 8
235 78 5
196 77 -1
242 223 34
128 81 9
68 106 -3
131 189 15
110 11 -1
206 73 46
116 97 50
124 185 37
26 39 30
179 147 33
80 217 12
78 4 -3
199 1 38
99 152 13
91 21 13
214 8 42
2 133 5
12 121 20
98 66 15
70 156 44
55 103 19
17 57 15
16 70 52
201 197 34
91 119 53
40 76 39
131 1 38
103 105 41
8 161 39
173 120 49
83 191 20
130 111 24
231 16 2
83 204 7
161 51 19
230 13 40
134 20 53
190 146 19
18 29 14
116 98 47
206 96 1
169 60 31
101 5 -4
179 2 14
16 55 11
76 105 14
92 14 18
216 91 43
136 73 54
202 219 51
193 201 51
78 123 49
216 207 19
193 110 52
41 8 54
177 241 2
198 43 28
219 102 21
72 224 -5
226 225 21
204 197 -5
157 178 21
100 60 29
0 3 2
73 201 52
47 98 12
215 227 3
131 172 20
54 181 24
174 77 42
178 156 48
230 164 -3
128 73 43
13 238 19
185 118 43
4 137 23
139 18 39
114 208 52
119 46 23
37 25 53
237 73 50
159 171 -3
76 121 16
217 12 47
196 22 46
215 41 -1
78 119 23
220 160 3
99 139 36
176 32 40
182 206 16
110 70 29
13 166 42
89 31 54
117 40 44
223 42 46
241 43 12
115 28 21
9 66 37
31 239 9
240 80 35
32 190 -1
144 213 24
173 186 32
85 82 -4
160 229 47
229 48 13
61 235 23
140 209 37
91 64 45
183 65 51
5 188 20
34 116 11
99 147 6
231 182 11
142 83 43
186 34 28
39 130 9
42 75 54
103 124 52
146 17 41
10 102 -4
92 26 40
126 73 15
178 31 8
14 36 49
25 141 23
221 121 -5
25 164 50
169 26 38
27 183 0
138 73 31
22 227 13
164 199 4
146 180 -2
142 107 51
154 94 41
218 38 -1
75 89 45
178 131 54
14 68 52
222 29 41
165 154 3
76 22 40
184 188 44
75 7 0
239 143 41
128 88 34
242 239 24
91 120 14
46 136 25
76 95 16
229 9 31
195 156 32
10 120 -3
80 36 -5
14 197 8
119 121 13
199 46 14
158 52 23
97 158 25
210 121 20
24 154 31
202 70 -1
242 222 46
75 17 38
23 93 0
166 89 30
67 23 33
180 137 -3
59 192 3
226 129 44
121 73 -4
89 100 -2
168 172 16
1 104 14
220 186 21
227 239 39
4 183 51
199 54 23
100 111 25
60 197 9
239 138 39
209 96 44
168 222 38
57 26 50
141 41 9
205 50 22
214 167 10
225 37 45
133 114 35
162 184 9
171 218 49
18 41 -4
177 25 41
141 133 3
44 68 19
51 131 48
156 206 44
188 138 29
196 38 46
196 58 41
182 36 10
136 91 50
120 103 53
136 67 40
181 42 26
217 199 10
194 227 -2
131 129 52
206 54 29
224 151 5
43 204 0
19 85 34
157 91 47
12 93 32
86 84 16
161 136 9
84 76 6
37 46 51
143 191 -3
143 223 46
116 84 16
177 236 41
153 28 14
100 144 21
43 130 28
165 80 4
80 66 47
158 42 23
241 62 15
128 241 21
93 149 47
167 182 18
69 70 3
169 111 18
2 92 24
193 189 46
216 16 40
4 184 16
218 158 -5
218 230 17
233 54 -2
97 89 40
120 80 43
119 32 50
13 115 39
99 205 5
49 226 52
82 62 2
87 218 41
242 204 8
133 17 49
5 31 32
223 163 26
202 111 35
212 125 50
43 240 45
112 229 -2
193 130 34
79 218 38
91 206 14
0 59 17
134 65 12
63 41 5
178 8 16
200 38 14
146 158 13
48 124 28
2 225 25
52 82 48
6 234 4
239 23 41
205 209 -2
69 2 43
211 107 12
58 14 45
126 104 25
105 81 17
187 117 37
74 77 19
173 232 52
99 95 14
152 42 44
5 142 27
209 36 34
124 194 33
106 48 35
221 23 23
181 22 -4
48 142 36
191 97 18
139 135 13
227 54 7
211 84 38
165 42 43
185 137 54
124 129 25
104 7 7
49 116 28
177 98 17
97 49 48
16 111 24
196 164 15
19 159 7
104 63 35
71 226 0
71 157 -4
44 18 10
126 143 -2
230 213 42
162 15 50
158 196 52
185 117 24
124 84 13
154 16 7
226 108 50
59 9 12
93 2 29
132 58 25
74 15 52
242 72 44
60 220 30
6 28 54
201 26 3
159 142 30
32 117 38
89 115 11
133 160 25
229 182 38
185 70 6
18 196 21
80 136 32
81 79 16
128 27 1
4 183 43
238 85 30
17 155 30
88 31 33
143 99 50
223 88 -2
84 36 10
30 206 6
192 180 -2
78 11 -5
89 40 -2
143 195 49
67 163 21
27 60 54
20 212 11
153 95 1
227 133 42
229 237 34
139 219 50
162 68 24
54 87 0
50 194 52
88 111 -4
68 224 48
75 97 15
127 11 22
43 130 -2
42 192 18
240 109 18
131 27 47
236 120 49
19 215 43
59 65 1
68 139 4
21 60 22
230 56 22
176 87 25
57 32 30
22 4 28
233 219 49
125 105 43
178 46 17
191 168 29
27 107 8
0 77 46
85 62 27
21 67 39
127 119 2
241 76 24
233 48 16
191 210 53
110 215 9
14 39 22
44 86 37
235 207 41
110 207 -3
233 170 34
88 106 38
140 64 7
186 45 29
54 136 21
193 174 33
138 71 6
96 11 46
73 128 22
119 50 39
117 111 37
175 194 2
79 54 46
33 88 50
43 145 45
139 15 39
204 27 52
164 10 9
80 195 38
239 214 48
220 34 34
47 17 6
146 83 39
240 129 48
159 231 33
62 69 46
209 85 10
160 167 7
60 120 2
68 4 5
173 1 28
8 2 14
181 90 4
30 97 30
162 215 7
100 208 9
178 50 54
82 173 45
36 195 36
12 225 13
122 185 31
230 0 45
236 105 22
189 125 17
36 238 23
230 239 49
150 232 42
127 170 24
70 68 -1
113 201 19
101 160 1
197 182 3
36 206 25
240 148 17
111 217 47
181 115 31
32 128 -5
125 167 16
101 137 9
140 210 31
28 167 24
167 156 44
141 233 42
29 225 27
36 193 37
115 181 3
220 208 40
50 214 33
76 140 17
56 153 23
32 75 17
163 168 21
51 203 -2
20 112 10
122 98 5
77 147 26
226 50 6
45 186 31
55 25 49
195 38 25
170 99 11
11 53 50
169 97 53
204 7 1
193 45 47
57 134 14
16 209 8
148 95 46
233 167 48
80 154 5
205 206 37
164 102 53
94 105 30
24 109 0
113 196 7
37 157 1
198 53 21
118 109 37
5 199 10
31 133 34
231 157 31
73 33 -1
47 215 40
86 77 21
134 128 43
65 36 28
27 222 7
189 105 12
64 124 3
55 85 29
229 106 6
130 5 6
174 147 41
92 121 27
31 222 53
217 104 31
110 152 8
55 16 3
5 233 46
199 42 22
27 193 53
25 150 50
131 22 35
203 188 -4
220 70 41
128 113 2
207 51 17
203 92 8
144 212 10
215 224 -4
158 74 2
148 193 50
115 63 39
167 225 32
110 129 40
217 210 31
28 138 33
185 36 46
93 2 5
212 89 20
236 75 7
119 156 42
64 148 3
25 93 3
203 87 20
125 103 7
18 20 25
82 4 43
218 197 26
210 173 1
190 222 31
144 163 50
232 5 29
156 236 18
59 8 51
70 224 37
233 175 35
68 207 5
175 132 53
0 213 27
180 228 7
197 184 11
83 29 53
203 238 6
120 112 35
161 48 -1
202 205 35
65 21 11
133 94 -2
147 163 42
89 122 2
202 182 8
136 159 48
82 181 33
205 196 24
78 195 38
75 203 20
188 70 20
193 98 21
130 96 -4
89 24 -3
92 34 23
225 94 -2
166 51 33
11 197 25
171 12 39
107 134 28
227 99 38
228 98 19
75 97 52
45 191 49
105 142 21
94 12 -3
68 110 52
96 110 15
45 8 23
60 80 36
63 100 15
89 79 -4
1 64 12
110 225 42
38 91 13
42 101 9
48 170 35
217 20 21
169 101 40
130 216 13
237 119 -4
83 18 51
231 34 51
230 141 51
81 78 3
157 217 21
61 1 22
228 14 39
206 125 14
180 78 12
53 26 23
170 179 50
145 85 13
203 100 17
123 230 24
83 175 54
144 62 4
130 188 29
216 180 39
36 91 40
109 192 6
53 20 29
91 79 47
126 148 2
94 120 37
211 183 10
179 184 20
153 58 4
42 109 41
189 55 43
142 173 9
68 81 26
83 148 16
145 117 10
16 129 8
241 124 13
227 78 51
242 17 1
190 212 14
55 33 42
19 50 10
220 55 -1
215 6 39
28 153 1
113 114 53
197 152 50
175 167 12
199 235 18
138 41 -5
27 45 -2
186 237 -4
10 15 0
95 116 49
184 174 10
169 74 16
233 136 15
123 90 31
84 158 14
139 23 19
224 135 49
188 94 47
50 46 21
164 128 -3
191 70 31
152 129 15
59 196 15
218 117 30
181 81 46
11 39 52
154 144 42
146 162 54
32 69 39
